{
 "cells": [
  {
   "cell_type": "markdown",
   "metadata": {},
   "source": [
    "# code for stepik "
   ]
  },
  {
   "cell_type": "markdown",
   "metadata": {},
   "source": [
    "## 8.2 Transforming Distance Matrices into Evolutionary Trees"
   ]
  },
  {
   "cell_type": "markdown",
   "metadata": {},
   "source": [
    "### step.12 Distances Between Leaves Problem"
   ]
  },
  {
   "cell_type": "code",
   "execution_count": 26,
   "metadata": {},
   "outputs": [
    {
     "name": "stdout",
     "output_type": "stream",
     "text": [
      "{0: {4: 11}, 1: {4: 2}, 2: {5: 6}, 3: {5: 7}, 4: {0: 11, 1: 2, 5: 4}, 5: {4: 4, 3: 7, 2: 6}}\n",
      "[[ 0. 13. 21. 22.]\n",
      " [13.  0. 12. 13.]\n",
      " [21. 12.  0. 13.]\n",
      " [22. 13. 13.  0.]]\n",
      "0 13 21 22\n",
      "13 0 12 13\n",
      "21 12 0 13\n",
      "22 13 13 0\n"
     ]
    }
   ],
   "source": [
    "import numpy as np\n",
    "\n",
    "def DFS_find_path(i,j,graph):\n",
    "    stack = [(i, [i])]\n",
    "    visited = set()\n",
    "    while stack:\n",
    "        (vertex, path) = stack.pop()\n",
    "        if vertex not in visited:\n",
    "            if vertex == j:\n",
    "                return path\n",
    "            visited.add(vertex)\n",
    "            for neighbor in graph[vertex].keys():\n",
    "                stack.append((neighbor, path + [neighbor]))\n",
    "\n",
    "def AdjList2DisMatrix(n,adjList):\n",
    "    disMatrix=np.zeros([n,n])\n",
    "    graph={}\n",
    "    for edge in adjList:\n",
    "        start=int(edge.split(':')[0].split('->')[0])\n",
    "        end=int(edge.split(':')[0].split('->')[1])\n",
    "        weight=int(edge.split(':')[1])\n",
    "        try:\n",
    "            graph[start][end]=weight\n",
    "        except:\n",
    "            graph[start]={end:weight}\n",
    "    print(graph)\n",
    "    for i in range(n):\n",
    "        for j in range(n):\n",
    "            path=DFS_find_path(i,j,graph)\n",
    "            score=0\n",
    "            for k in range(len(path)-1):\n",
    "                score+=graph[path[k]][path[k+1]]\n",
    "            disMatrix[i][j]=score\n",
    "            #print(i,j)\n",
    "    print(disMatrix)\n",
    "    return disMatrix\n",
    "    \n",
    "n=4\n",
    "adjList='0->4:11 \\\n",
    "1->4:2 \\\n",
    "2->5:6 \\\n",
    "3->5:7 \\\n",
    "4->0:11 \\\n",
    "4->1:2 \\\n",
    "4->5:4 \\\n",
    "5->4:4 \\\n",
    "5->3:7 \\\n",
    "5->2:6'.split(' ')\n",
    "disMatrix=AdjList2DisMatrix(n,adjList)\n",
    "\n",
    "for y in disMatrix:\n",
    "    print(' '.join([str(int(x)) for x in y]))"
   ]
  },
  {
   "cell_type": "code",
   "execution_count": 28,
   "metadata": {},
   "outputs": [
    {
     "name": "stdout",
     "output_type": "stream",
     "text": [
      "{60: {61: 5, 12: 10, 59: 6}, 61: {60: 5, 23: 12, 56: 13}, 23: {61: 12}, 56: {61: 13, 2: 7, 55: 12}, 12: {60: 10}, 59: {60: 6, 27: 7, 58: 7}, 27: {59: 7}, 58: {59: 7, 14: 9, 57: 6}, 14: {58: 9}, 57: {58: 6, 8: 13, 42: 12}, 8: {57: 13}, 42: {57: 12, 17: 15, 41: 14}, 2: {56: 7}, 55: {56: 12, 5: 6, 54: 12}, 5: {55: 6}, 54: {55: 12, 24: 15, 53: 12}, 24: {54: 15}, 53: {54: 12, 9: 11, 52: 15}, 9: {53: 11}, 52: {53: 15, 20: 10, 51: 12}, 20: {52: 10}, 51: {52: 12, 21: 5, 50: 5}, 21: {51: 5}, 50: {51: 5, 22: 13, 49: 10}, 22: {50: 13}, 49: {50: 10, 30: 13, 48: 8}, 30: {49: 13}, 48: {49: 8, 7: 7, 47: 5}, 7: {48: 7}, 47: {48: 5, 28: 13, 46: 11}, 28: {47: 13}, 46: {47: 11, 15: 5, 45: 15}, 15: {46: 5}, 45: {46: 15, 6: 5, 44: 5}, 6: {45: 5}, 44: {45: 5, 19: 6, 43: 7}, 19: {44: 6}, 43: {44: 7, 10: 15, 18: 5}, 10: {43: 15}, 18: {43: 5}, 17: {42: 15}, 41: {42: 14, 3: 14, 40: 14}, 3: {41: 14}, 40: {41: 14, 0: 14, 39: 13}, 0: {40: 14}, 39: {40: 13, 16: 12, 38: 7}, 16: {39: 12}, 38: {39: 7, 25: 5, 37: 8}, 25: {38: 5}, 37: {38: 8, 1: 13, 36: 12}, 1: {37: 13}, 36: {37: 12, 11: 7, 35: 5}, 11: {36: 7}, 35: {36: 5, 26: 6, 34: 14}, 26: {35: 6}, 34: {35: 14, 29: 5, 33: 12}, 29: {34: 5}, 33: {34: 12, 31: 14, 32: 5}, 31: {33: 14}, 32: {33: 5, 4: 5, 13: 10}, 4: {32: 5}, 13: {32: 10}}\n",
      "[[  0.  55.  98. ...  78. 182.  99.]\n",
      " [ 55.   0. 125. ...  49. 209.  70.]\n",
      " [ 98. 125.   0. ... 148.  98. 169.]\n",
      " ...\n",
      " [ 78.  49. 148. ...   0. 232.  31.]\n",
      " [182. 209.  98. ... 232.   0. 253.]\n",
      " [ 99.  70. 169. ...  31. 253.   0.]]\n",
      "0 55 98 42 95 109 213 184 67 138 235 61 83 100 69 198 39 57 225 219 152 159 172 90 130 39 65 74 195 78 182 99\n",
      "55 0 125 69 66 136 240 211 94 165 262 32 110 71 96 225 40 84 252 246 179 186 199 117 157 26 36 101 222 49 209 70\n",
      "98 125 0 84 165 25 129 100 57 54 151 131 35 170 47 114 109 71 141 135 68 75 88 32 46 109 135 38 111 148 98 169\n",
      "42 69 84 0 109 95 199 170 53 124 221 75 69 114 55 184 53 43 211 205 138 145 158 76 116 53 79 60 181 92 168 113\n",
      "95 66 165 109 0 176 280 251 134 205 302 48 150 15 136 265 80 124 292 286 219 226 239 157 197 66 42 141 262 27 249 24\n",
      "109 136 25 95 176 0 116 87 68 41 138 142 46 181 58 101 120 82 128 122 55 62 75 43 33 120 146 49 98 159 85 180\n",
      "213 240 129 199 280 116 0 43 172 97 32 246 150 285 162 25 224 186 22 16 81 64 67 147 113 224 250 153 44 263 57 284\n",
      "184 211 100 170 251 87 43 0 143 68 65 217 121 256 133 28 195 157 55 49 52 35 38 118 84 195 221 124 25 234 28 255\n",
      "67 94 57 53 134 68 172 143 0 97 194 100 42 139 28 157 78 40 184 178 111 118 131 49 89 78 104 33 154 117 141 138\n",
      "138 165 54 124 205 41 97 68 97 0 119 171 75 210 87 82 149 111 109 103 36 43 56 72 38 149 175 78 79 188 66 209\n",
      "235 262 151 221 302 138 32 65 194 119 0 268 172 307 184 47 246 208 20 28 103 86 89 169 135 246 272 175 66 285 79 306\n",
      "61 32 131 75 48 142 246 217 100 171 268 0 116 53 102 231 46 90 258 252 185 192 205 123 163 32 18 107 228 31 215 52\n",
      "83 110 35 69 150 46 150 121 42 75 172 116 0 155 32 135 94 56 162 156 89 96 109 27 67 94 120 23 132 133 119 154\n",
      "100 71 170 114 15 181 285 256 139 210 307 53 155 0 141 270 85 129 297 291 224 231 244 162 202 71 47 146 267 32 254 29\n",
      "69 96 47 55 136 58 162 133 28 87 184 102 32 141 0 147 80 42 174 168 101 108 121 39 79 80 106 23 144 119 131 140\n",
      "198 225 114 184 265 101 25 28 157 82 47 231 135 270 147 0 209 171 37 31 66 49 52 132 98 209 235 138 29 248 42 269\n",
      "39 40 109 53 80 120 224 195 78 149 246 46 94 85 80 209 0 68 236 230 163 170 183 101 141 24 50 85 206 63 193 84\n",
      "57 84 71 43 124 82 186 157 40 111 208 90 56 129 42 171 68 0 198 192 125 132 145 63 103 68 94 47 168 107 155 128\n",
      "225 252 141 211 292 128 22 55 184 109 20 258 162 297 174 37 236 198 0 18 93 76 79 159 125 236 262 165 56 275 69 296\n",
      "219 246 135 205 286 122 16 49 178 103 28 252 156 291 168 31 230 192 18 0 87 70 73 153 119 230 256 159 50 269 63 290\n",
      "152 179 68 138 219 55 81 52 111 36 103 185 89 224 101 66 163 125 93 87 0 27 40 86 52 163 189 92 63 202 50 223\n",
      "159 186 75 145 226 62 64 35 118 43 86 192 96 231 108 49 170 132 76 70 27 0 23 93 59 170 196 99 46 209 33 230\n",
      "172 199 88 158 239 75 67 38 131 56 89 205 109 244 121 52 183 145 79 73 40 23 0 106 72 183 209 112 49 222 36 243\n",
      "90 117 32 76 157 43 147 118 49 72 169 123 27 162 39 132 101 63 159 153 86 93 106 0 64 101 127 30 129 140 116 161\n",
      "130 157 46 116 197 33 113 84 89 38 135 163 67 202 79 98 141 103 125 119 52 59 72 64 0 141 167 70 95 180 82 201\n",
      "39 26 109 53 66 120 224 195 78 149 246 32 94 71 80 209 24 68 236 230 163 170 183 101 141 0 36 85 206 49 193 70\n",
      "65 36 135 79 42 146 250 221 104 175 272 18 120 47 106 235 50 94 262 256 189 196 209 127 167 36 0 111 232 25 219 46\n",
      "74 101 38 60 141 49 153 124 33 78 175 107 23 146 23 138 85 47 165 159 92 99 112 30 70 85 111 0 135 124 122 145\n",
      "195 222 111 181 262 98 44 25 154 79 66 228 132 267 144 29 206 168 56 50 63 46 49 129 95 206 232 135 0 245 39 266\n",
      "78 49 148 92 27 159 263 234 117 188 285 31 133 32 119 248 63 107 275 269 202 209 222 140 180 49 25 124 245 0 232 31\n",
      "182 209 98 168 249 85 57 28 141 66 79 215 119 254 131 42 193 155 69 63 50 33 36 116 82 193 219 122 39 232 0 253\n",
      "99 70 169 113 24 180 284 255 138 209 306 52 154 29 140 269 84 128 296 290 223 230 243 161 201 70 46 145 266 31 253 0\n"
     ]
    }
   ],
   "source": [
    "with open('ch8_data/dataset_369348_12.txt','r') as f:\n",
    "    lines=[x.rstrip('\\n') for x in f.readlines()]\n",
    "    n=int(lines[0])\n",
    "    adjList=lines[1::]\n",
    "    disMatrix=AdjList2DisMatrix(n,adjList)\n",
    "\n",
    "for y in disMatrix:\n",
    "    print(' '.join([str(int(x)) for x in y]))"
   ]
  },
  {
   "cell_type": "markdown",
   "metadata": {},
   "source": [
    "## 8.3 Toward An Algorithm for Distance-Based Phylogeny Construction"
   ]
  },
  {
   "cell_type": "markdown",
   "metadata": {},
   "source": [
    "### Limb Length Problem"
   ]
  },
  {
   "cell_type": "code",
   "execution_count": 31,
   "metadata": {},
   "outputs": [
    {
     "data": {
      "text/plain": [
       "2.0"
      ]
     },
     "execution_count": 31,
     "metadata": {},
     "output_type": "execute_result"
    }
   ],
   "source": [
    "import numpy as np\n",
    "\n",
    "def Limb_Length(j,n,disMatrix):\n",
    "    min_limb=np.inf\n",
    "    for i in range(n):\n",
    "        for k in range(n):\n",
    "            if i!=j and i!=k and j!=k:\n",
    "                limb=(disMatrix[i][j]+disMatrix[j][k]-disMatrix[i][k])/2\n",
    "                if limb<min_limb:\n",
    "                    min_limb=limb\n",
    "    return min_limb\n",
    "\n",
    "n=4\n",
    "j=1\n",
    "disMatrix=[[0,13,21,22],\n",
    "          [13,0,12,13],\n",
    "          [21,12,0,13],\n",
    "          [22,13,13,0]]\n",
    "Limb_Length(j,n,disMatrix)"
   ]
  },
  {
   "cell_type": "code",
   "execution_count": 33,
   "metadata": {},
   "outputs": [
    {
     "data": {
      "text/plain": [
       "373.0"
      ]
     },
     "execution_count": 33,
     "metadata": {},
     "output_type": "execute_result"
    }
   ],
   "source": [
    "with open('ch8_data/dataset_369349_11.txt','r') as f:\n",
    "    lines=[x.rstrip('\\n') for x in f.readlines()]\n",
    "    n=int(lines[0])\n",
    "    j=int(lines[1])\n",
    "    disMatrix=[]\n",
    "    for x in lines[2::]:\n",
    "        disMatrix.append([float(y) for y in x.split(' ')])\n",
    "Limb_Length(j,n,disMatrix)"
   ]
  },
  {
   "cell_type": "markdown",
   "metadata": {},
   "source": [
    "## 8.4 Additive Phylogeny"
   ]
  },
  {
   "cell_type": "markdown",
   "metadata": {},
   "source": [
    "### AdditivePhylogeny"
   ]
  },
  {
   "cell_type": "code",
   "execution_count": 9,
   "metadata": {},
   "outputs": [
    {
     "name": "stdout",
     "output_type": "stream",
     "text": [
      "0->4:11\n",
      "1->4:2\n",
      "2->5:6\n",
      "3->5:7\n",
      "4->0:11\n",
      "4->1:2\n",
      "4->5:4\n",
      "5->2:6\n",
      "5->3:7\n",
      "5->4:4\n"
     ]
    }
   ],
   "source": [
    "import numpy as np\n",
    "\n",
    "def Limb_Length(disMatrix,j):\n",
    "    min_limb=np.inf\n",
    "    n=len(disMatrix)\n",
    "    for i in range(n):\n",
    "        for k in range(n):\n",
    "            if i!=j and i!=k and j!=k:\n",
    "                limb=(disMatrix[i][j]+disMatrix[j][k]-disMatrix[i][k])/2\n",
    "                if limb<min_limb:\n",
    "                    min_limb=limb\n",
    "    return int(min_limb)\n",
    "\n",
    "def find_ik(disMatrix):\n",
    "    n=len(disMatrix)\n",
    "    for i in range(n-1):\n",
    "        for k in range(n-1):\n",
    "            if disMatrix[i][k]==disMatrix[i][n-1]+disMatrix[n-1][k] and i!=k:\n",
    "                return i,k\n",
    "\n",
    "def DFS_find_path_ik(edges,weights,i,k):\n",
    "    stack=[[i]]\n",
    "    visited=[i]\n",
    "    findPath=[]\n",
    "    while len(stack)>0:\n",
    "        path=stack.pop()\n",
    "        node=path[-1]\n",
    "        visited.append(node)\n",
    "        if node==k:\n",
    "            findPath=path\n",
    "            break\n",
    "        for child in edges[node]:\n",
    "            if child not in visited:\n",
    "                stack.append(path+[child])\n",
    "    return findPath\n",
    "\n",
    "def find_v(edges,weights,x,findPath):\n",
    "    total_distance=0\n",
    "    for z in range(len(findPath)-1):\n",
    "        close2i,close2k=findPath[z],findPath[z+1]\n",
    "        # find v between i->k, where dist(i,v)=iv_distance,\n",
    "        # i -> n1 -> n2 -> v -> n3 -> k, \n",
    "        # dist(i->n2) < x\n",
    "        # dist(i->n2)+dist(n2->n3)>x, so v is between n2->n3\n",
    "        if total_distance+weights[(close2i,close2k)]>x:\n",
    "            return (close2i,close2k,x-total_distance,weights[(close2i,close2k)]+total_distance-x)\n",
    "        total_distance+=weights[(close2i,close2k)]\n",
    "\n",
    "def AdditivePhylogeny(disMatrix, n, nn):\n",
    "\n",
    "    # here we maintain edges={} to store edges and weight={} to store weights\n",
    "    if n==2:\n",
    "        edges={0:[1],1:[0]}\n",
    "        weights={(0,1):disMatrix[0][1],(1,0):disMatrix[1][0]}\n",
    "        return edges,weights,nn\n",
    "\n",
    "    limbLength = Limb_Length(disMatrix,n-1)\n",
    "    for i in range(n):\n",
    "        disMatrix[i][-1]-=limbLength\n",
    "        disMatrix[-1][i]-=limbLength\n",
    "\n",
    "    i,k=find_ik(disMatrix)\n",
    "    x=disMatrix[i,-1]\n",
    "    disMatrix_trimmed=disMatrix[:-1,:-1]\n",
    "    edges,weights,nn=AdditivePhylogeny(disMatrix_trimmed, n-1, nn)\n",
    "    findPath=DFS_find_path_ik(edges,weights,i,k)\n",
    "    close2i,close2k,dis_i_close2i,dis_i_close2k=find_v(edges,weights,x,findPath)\n",
    "    new_node=close2i\n",
    "\n",
    "    if dis_i_close2i==0:\n",
    "        pass\n",
    "    else:\n",
    "        new_node=nn\n",
    "        nn+=1\n",
    "        edges[close2i].remove(close2k)\n",
    "        edges[close2k].remove(close2i)\n",
    "        del weights[(close2i, close2k)]\n",
    "        del weights[(close2k, close2i)]\n",
    "        edges[close2i].append(new_node)\n",
    "        edges[close2k].append(new_node)\n",
    "        edges[new_node]=[close2i, close2k]\n",
    "        weights[(new_node,close2i)]=dis_i_close2i\n",
    "        weights[(close2i,new_node)]=dis_i_close2i\n",
    "        weights[(new_node,close2k)]=dis_i_close2k\n",
    "        weights[(close2k,new_node)]=dis_i_close2k\n",
    "        \n",
    "    # add leaf n back to T by creating a limb (v, n) of length Limb_Length\n",
    "    edges[new_node].append(n-1)\n",
    "    edges[n-1]=[new_node]\n",
    "    weights[(n-1,new_node)]=limbLength\n",
    "    weights[(new_node, n-1)]=limbLength\n",
    "    return edges,weights,nn\n",
    "\n",
    "\n",
    "def Format_output(edges,weights):\n",
    "    for i in sorted(edges):\n",
    "        for j in sorted(edges[i]):\n",
    "            print (str(i)+\"->\"+str(j)+\":\"+str(weights[(i, j)]))\n",
    "\n",
    "n=4\n",
    "disMatrix=np.array([[0,13,21,22],\n",
    "          [13,0,12,13],\n",
    "          [21,12,0,13],\n",
    "          [22,13,13,0]])\n",
    "edges,weights,_= AdditivePhylogeny(disMatrix,n,n)\n",
    "Format_output(edges,weights)"
   ]
  },
  {
   "cell_type": "code",
   "execution_count": 11,
   "metadata": {
    "scrolled": true
   },
   "outputs": [
    {
     "name": "stdout",
     "output_type": "stream",
     "text": [
      "0->29:135.0\n",
      "1->28:383.0\n",
      "2->47:772.0\n",
      "3->30:981.0\n",
      "4->45:973.0\n",
      "5->31:787\n",
      "6->32:687\n",
      "7->33:943\n",
      "8->34:756\n",
      "9->35:533\n",
      "10->36:516\n",
      "11->37:763\n",
      "12->38:615\n",
      "13->39:802\n",
      "14->40:763\n",
      "15->41:196\n",
      "16->42:887\n",
      "17->43:651\n",
      "18->44:763\n",
      "19->45:991\n",
      "20->46:548\n",
      "21->48:689.0\n",
      "22->48:829\n",
      "23->49:932\n",
      "24->50:926\n",
      "25->51:758\n",
      "26->52:202\n",
      "27->53:722\n",
      "28->1:383.0\n",
      "28->32:937.0\n",
      "28->49:640.0\n",
      "29->0:135.0\n",
      "29->30:524.0\n",
      "29->33:770.0\n",
      "30->3:981.0\n",
      "30->29:524.0\n",
      "30->53:475.0\n",
      "31->5:787\n",
      "31->40:821.0\n",
      "31->50:385.0\n",
      "32->6:687\n",
      "32->28:937.0\n",
      "32->52:661.0\n",
      "33->7:943\n",
      "33->29:770.0\n",
      "33->37:94.0\n",
      "34->8:756\n",
      "34->36:533.0\n",
      "34->45:970.0\n",
      "35->9:533\n",
      "35->36:975.0\n",
      "35->38:625.0\n",
      "36->10:516\n",
      "36->34:533.0\n",
      "36->35:975.0\n",
      "37->11:763\n",
      "37->33:94.0\n",
      "37->49:982.0\n",
      "38->12:615\n",
      "38->35:625.0\n",
      "38->42:263.0\n",
      "39->13:802\n",
      "39->43:814.0\n",
      "39->53:728.0\n",
      "40->14:763\n",
      "40->31:821.0\n",
      "40->41:802.0\n",
      "41->15:196\n",
      "41->40:802.0\n",
      "41->42:133.0\n",
      "42->16:887\n",
      "42->38:263.0\n",
      "42->41:133.0\n",
      "43->17:651\n",
      "43->39:814.0\n",
      "43->51:941.0\n",
      "44->18:763\n",
      "44->50:98.0\n",
      "44->51:903.0\n",
      "45->4:973.0\n",
      "45->19:991\n",
      "45->34:970.0\n",
      "46->20:548\n",
      "46->47:972.0\n",
      "46->52:433.0\n",
      "47->2:772.0\n",
      "47->46:972.0\n",
      "47->48:482.0\n",
      "48->21:689.0\n",
      "48->22:829\n",
      "48->47:482.0\n",
      "49->23:932\n",
      "49->28:640.0\n",
      "49->37:982.0\n",
      "50->24:926\n",
      "50->31:385.0\n",
      "50->44:98.0\n",
      "51->25:758\n",
      "51->43:941.0\n",
      "51->44:903.0\n",
      "52->26:202\n",
      "52->32:661.0\n",
      "52->46:433.0\n",
      "53->27:722\n",
      "53->30:475.0\n",
      "53->39:728.0\n"
     ]
    }
   ],
   "source": [
    "with open('ch8_data/dataset_369350_6.txt','r') as f:\n",
    "    lines=[x.rstrip('\\n') for x in f.readlines()]\n",
    "    n=int(lines[0])\n",
    "    disMatrix=[]\n",
    "    for x in lines[1::]:\n",
    "        disMatrix.append([float(y) for y in x.split(' ')])\n",
    "    disMatrix=np.array(disMatrix)\n",
    "edges,weights,_= AdditivePhylogeny(disMatrix,n,n)\n",
    "Format_output(edges,weights)"
   ]
  },
  {
   "cell_type": "markdown",
   "metadata": {},
   "source": [
    "## 8.5 Using Least Squares to Construct Approximate Phylogenies"
   ]
  },
  {
   "cell_type": "markdown",
   "metadata": {},
   "source": [
    "### Compute Discrepancy(﻿T, D)."
   ]
  },
  {
   "cell_type": "code",
   "execution_count": 12,
   "metadata": {
    "scrolled": true
   },
   "outputs": [
    {
     "name": "stdout",
     "output_type": "stream",
     "text": [
      "0 0\n",
      "7 3\n",
      "9 4\n",
      "10 3\n",
      "0 0\n",
      "10 4\n",
      "11 5\n",
      "0 0\n",
      "3 2\n",
      "0 0\n"
     ]
    },
    {
     "data": {
      "text/plain": [
       "163"
      ]
     },
     "execution_count": 12,
     "metadata": {},
     "output_type": "execute_result"
    }
   ],
   "source": [
    "import numpy as np\n",
    "\n",
    "def Discrepancy(T, D):\n",
    "    out=0\n",
    "    for i in range(len(T)):\n",
    "        for j in range(i,len(T[0])): # important, take only half\n",
    "            out+=np.square(T[i][j]-D[i][j])\n",
    "            print(T[i][j],D[i][j])\n",
    "    return out\n",
    "\n",
    "T=[[0,7,9,10],\n",
    "  [7,0,10,11],\n",
    "  [9,10,0,3],\n",
    "  [10,11,3,0]]\n",
    "\n",
    "D=[[0,3,4,3],\n",
    "  [3,0,4,5],\n",
    "  [4,4,0,2],\n",
    "  [3,5,2,0]]\n",
    "\n",
    "Discrepancy(T, D)"
   ]
  },
  {
   "cell_type": "markdown",
   "metadata": {},
   "source": [
    "## 8.6 Ultrametric Evolutionary Trees"
   ]
  },
  {
   "cell_type": "markdown",
   "metadata": {},
   "source": [
    "### UPGMA"
   ]
  },
  {
   "cell_type": "code",
   "execution_count": 76,
   "metadata": {},
   "outputs": [
    {
     "name": "stdout",
     "output_type": "stream",
     "text": [
      "AdjList\n",
      "0->5:7.000\n",
      "1->6:8.833\n",
      "2->4:5.000\n",
      "3->4:5.000\n",
      "4->3:5.000\n",
      "4->2:5.000\n",
      "4->5:2.000\n",
      "5->4:2.000\n",
      "5->0:7.000\n",
      "5->6:1.833\n",
      "6->5:1.833\n",
      "6->1:8.833\n"
     ]
    }
   ],
   "source": [
    "class Tree(object):\n",
    "    \n",
    "    ## public code for the data structure Tree\n",
    "    \n",
    "    def __init__(self,N=-1,bidirectional=True):\n",
    "        self.nodes=list(range(N))\n",
    "        self.edges={}\n",
    "        self.bidirectional=bidirectional\n",
    "        self.N = N\n",
    "        \n",
    "    def link(self,start,end,weight=1): \n",
    "        self.half_link(start,end,weight)\n",
    "        if self.bidirectional:\n",
    "            self.half_link(end,start,weight)\n",
    "        \n",
    "    def unlink(self,i,k):\n",
    "        try:\n",
    "            self.half_unlink(i,k)\n",
    "            if self.bidirectional:\n",
    "                self.half_unlink(k,i)\n",
    "        except KeyError:\n",
    "            print ('Could not unlink {0} from {1}'.format(i,k))\n",
    "            self.print()        \n",
    "        \n",
    "    def half_link(self,a,b,weight=1):\n",
    "        if not a in self.nodes:\n",
    "            self.nodes.append(a)        \n",
    "        if a in self.edges:               \n",
    "            self.edges[a]=[(b0,w0) for (b0,w0) in self.edges[a] if b0 != b] + [(b,weight)]\n",
    "        else:\n",
    "            self.edges[a]=[(b,weight)]\n",
    "    \n",
    "    def half_unlink(self,a,b):\n",
    "        links=[(e,w) for (e,w) in self.edges[a] if e != b]\n",
    "        if len(links)<len(self.edges[a]):\n",
    "            self.edges[a]=links\n",
    "        else:\n",
    "            print ('Could not unlink {0} from {1}'.format(a,b))\n",
    "            self.print()\n",
    "    \n",
    "    def are_linked(self,a,b):\n",
    "        return len([e for (e,w) in self.edges[a] if e == b])>0\n",
    "        \n",
    "    def AdjList(self,includeNodes=False):\n",
    "        print('AdjList')\n",
    "        self.nodes.sort()\n",
    "        if includeNodes:\n",
    "            print (self.nodes)\n",
    "        for node in self.nodes:\n",
    "            if node in self.edges:\n",
    "                for edge in self.edges[node]:\n",
    "                    end,weight=edge\n",
    "                    print ('%i->%i:%.3f'%(node,end,weight))\n",
    "                    \n",
    "    def num_nodes(self):\n",
    "        return len(self.nodes)\n",
    "    \n",
    "    def traverse(self,i,k,path=[],weights=[]):\n",
    "        if not i in self.edges: return (False,[])\n",
    "        if len(path)==0:\n",
    "            path=[i]\n",
    "            weights=[0]\n",
    "        \n",
    "        for j,w in self.edges[i]:\n",
    "            if j in path: continue\n",
    "            path1=path + [j]\n",
    "            weights1=weights+[w]\n",
    "            if j==k:\n",
    "                return (True,list(zip(path1,weights1)))\n",
    "            else:\n",
    "                found_k,test=self.traverse(j,k,path1,weights1)\n",
    "                if found_k: \n",
    "                    return (found_k,test)\n",
    "        return (False,[])  \n",
    "    \n",
    "    def get_nodes(self):\n",
    "        for node in self.nodes:\n",
    "            yield(node)\n",
    "            \n",
    "    def initialize_from(self,T):\n",
    "        for node in T.nodes:\n",
    "            if not node in self.nodes:\n",
    "                self.nodes.append(node)\n",
    "                if node in T.edges:\n",
    "                    for a,w in T.edges[node]:\n",
    "                        self.link(node,a,w)\n",
    "     \n",
    "    def get_links(self):\n",
    "        return [(a,b,w) for a in self.nodes for (b,w) in self.edges[a] if a in self.edges]\n",
    "    \n",
    "    def remove_backward_links(self,root):\n",
    "        self.bidirectional = False\n",
    "        for (child,_) in self.edges[root]:\n",
    "            self.half_unlink(child,root)\n",
    "            self.remove_backward_links(child)\n",
    "\n",
    "import numpy as np\n",
    "\n",
    "def find2ClosestClusters(disMatrix,Clusters):\n",
    "    smallest_i=-1\n",
    "    smallest_j=-1\n",
    "    smallest_dis=np.inf\n",
    "    for i in range(len(disMatrix)):\n",
    "        for j in range(i):\n",
    "            if i in Clusters and j in Clusters and disMatrix[i][j]<smallest_dis:\n",
    "                smallest_i=i\n",
    "                smallest_j=j\n",
    "                smallest_dis=disMatrix[i][j]\n",
    "    return (smallest_i,smallest_j,smallest_dis)  \n",
    "    \n",
    "def D(i,j,disMatrix,Clusters):\n",
    "    if (i in Clusters)&(j in Clusters):\n",
    "        tmp_sum=0\n",
    "        for ii in Clusters[i]:\n",
    "            for jj in Clusters[j]:\n",
    "                tmp_sum+=disMatrix[ii][jj]\n",
    "        return tmp_sum/(len(Clusters[i])*len(Clusters[j]))\n",
    "    else:\n",
    "        return None\n",
    "    \n",
    "def UPGMA(disMatrix,n):\n",
    "    global T\n",
    "    Clusters={}\n",
    "    for i in range(n):\n",
    "        Clusters[i]=[i]\n",
    "    T=Tree(n)\n",
    "    Age={}\n",
    "    for v in T.get_nodes():\n",
    "        Age[v]=0\n",
    "    while len(Clusters)>1:\n",
    "        Ci,Cj,distance=find2ClosestClusters(disMatrix,Clusters)\n",
    "        Cnew=T.num_nodes()\n",
    "        T.link(Cnew,Ci)\n",
    "        T.link(Cnew,Cj)        \n",
    "        Clusters[Cnew]=Clusters[Ci]+Clusters[Cj]\n",
    "        Age[Cnew]=disMatrix[Ci][Cj]/2\n",
    "        del Clusters[Ci],Clusters[Cj]\n",
    "        Cnew_Data=[D(i,Cnew,disMatrix,Clusters) for i in range(len(disMatrix))] # add the right column\n",
    "        for row in range(len(disMatrix)):\n",
    "            disMatrix[row].append(Cnew_Data[row])\n",
    "        disMatrix.append(Cnew_Data+[0]) # add the new row at the bottom\n",
    "    for node in T.nodes:\n",
    "        new_data=[]\n",
    "        for child,weight in T.edges[node]:\n",
    "            new_data.append((child,np.absolute(Age[node]-Age[child])))\n",
    "        T.edges[node]=new_data\n",
    "    return T\n",
    "\n",
    "n=4\n",
    "disMatrix=[[0,20,17,11],\n",
    "          [20,0,20,13],\n",
    "          [17,20,0,10],\n",
    "          [11,13,10,0]]\n",
    "\n",
    "UPGMA(disMatrix,n).AdjList()"
   ]
  },
  {
   "cell_type": "code",
   "execution_count": 81,
   "metadata": {
    "scrolled": true
   },
   "outputs": [
    {
     "name": "stdout",
     "output_type": "stream",
     "text": [
      "AdjList\n",
      "0->26:268.000\n",
      "1->29:277.500\n",
      "2->35:343.500\n",
      "3->31:282.500\n",
      "4->24:265.500\n",
      "5->33:305.500\n",
      "6->24:265.500\n",
      "7->23:265.000\n",
      "8->23:265.000\n",
      "9->31:282.500\n",
      "10->27:269.500\n",
      "11->32:295.500\n",
      "12->25:266.000\n",
      "13->28:271.000\n",
      "14->28:271.000\n",
      "15->34:326.000\n",
      "16->26:268.000\n",
      "17->30:281.250\n",
      "18->29:277.500\n",
      "19->32:295.500\n",
      "20->34:326.000\n",
      "21->27:269.500\n",
      "22->25:266.000\n",
      "23->8:265.000\n",
      "23->7:265.000\n",
      "23->37:87.875\n",
      "24->6:265.500\n",
      "24->4:265.500\n",
      "24->33:40.000\n",
      "25->22:266.000\n",
      "25->12:266.000\n",
      "25->37:86.875\n",
      "26->16:268.000\n",
      "26->0:268.000\n",
      "26->35:75.500\n",
      "27->21:269.500\n",
      "27->10:269.500\n",
      "27->36:76.750\n",
      "28->14:271.000\n",
      "28->13:271.000\n",
      "28->30:10.250\n",
      "29->18:277.500\n",
      "29->1:277.500\n",
      "29->38:77.500\n",
      "30->28:10.250\n",
      "30->17:281.250\n",
      "30->41:110.250\n",
      "31->9:282.500\n",
      "31->3:282.500\n",
      "31->36:63.750\n",
      "32->19:295.500\n",
      "32->11:295.500\n",
      "32->38:59.500\n",
      "33->24:40.000\n",
      "33->5:305.500\n",
      "33->40:84.958\n",
      "34->20:326.000\n",
      "34->15:326.000\n",
      "34->42:74.688\n",
      "35->26:75.500\n",
      "35->2:343.500\n",
      "35->41:48.000\n",
      "36->31:63.750\n",
      "36->27:76.750\n",
      "36->39:40.062\n",
      "37->25:86.875\n",
      "37->23:87.875\n",
      "37->39:33.438\n",
      "38->32:59.500\n",
      "38->29:77.500\n",
      "38->42:45.688\n",
      "39->37:33.438\n",
      "39->36:40.062\n",
      "39->40:4.146\n",
      "40->39:4.146\n",
      "40->33:84.958\n",
      "40->43:16.587\n",
      "41->35:48.000\n",
      "41->30:110.250\n",
      "41->44:21.549\n",
      "42->38:45.688\n",
      "42->34:74.688\n",
      "42->43:6.358\n",
      "43->42:6.358\n",
      "43->40:16.587\n",
      "43->44:6.004\n",
      "44->43:6.004\n",
      "44->41:21.549\n"
     ]
    }
   ],
   "source": [
    "with open('ch8_data/dataset_369352_8.txt','r') as f:\n",
    "    lines=[x.rstrip('\\n') for x in f.readlines()]\n",
    "    n=int(lines[0])\n",
    "    disMatrix=[]\n",
    "    for x in lines[1::]:\n",
    "        disMatrix.append([float(y) for y in x.split(' ')[:-1]])\n",
    "UPGMA(disMatrix,n).AdjList()"
   ]
  },
  {
   "cell_type": "markdown",
   "metadata": {},
   "source": [
    "## 8.7 The Neighbor-Joining Algorithm"
   ]
  },
  {
   "cell_type": "markdown",
   "metadata": {},
   "source": [
    "### TotalDistance, D*"
   ]
  },
  {
   "cell_type": "code",
   "execution_count": 86,
   "metadata": {},
   "outputs": [
    {
     "name": "stdout",
     "output_type": "stream",
     "text": [
      "[56, 38, 46, 48]\n",
      "[[  0. -68. -60. -60.]\n",
      " [-68.   0. -60. -60.]\n",
      " [-60. -60.   0. -68.]\n",
      " [-60. -60. -68.   0.]]\n"
     ]
    }
   ],
   "source": [
    "import numpy as np\n",
    "\n",
    "def TotalDistance(disMatrix):\n",
    "    totalDistance=[]\n",
    "    for x in disMatrix:\n",
    "        totalDistance.append(np.sum(x))\n",
    "    return totalDistance\n",
    "\n",
    "def D_(disMatrix):\n",
    "    n=len(disMatrix)\n",
    "    d_=np.zeros([n,n])\n",
    "    totalDistance=TotalDistance(disMatrix)\n",
    "    for i in range(n):\n",
    "        for j in range(n):\n",
    "            if i!=j:\n",
    "                d_[i][j]=(n-2)*disMatrix[i][j]-totalDistance[i]-totalDistance[j]\n",
    "    return d_\n",
    "    \n",
    "\n",
    "disMatrix=[[0,13,21,22],\n",
    "          [13,0,12,13],\n",
    "          [21,12,0,13],\n",
    "          [22,13,13,0]]\n",
    "print(TotalDistance(disMatrix))\n",
    "print(D_(disMatrix))"
   ]
  },
  {
   "cell_type": "markdown",
   "metadata": {},
   "source": [
    "### NeighborJoining"
   ]
  },
  {
   "cell_type": "code",
   "execution_count": 17,
   "metadata": {},
   "outputs": [
    {
     "name": "stdout",
     "output_type": "stream",
     "text": [
      "AdjList\n",
      "0->4:8.000\n",
      "1->5:13.500\n",
      "2->5:16.500\n",
      "3->4:12.000\n",
      "4->5:2.000\n",
      "4->0:8.000\n",
      "4->3:12.000\n",
      "5->4:2.000\n",
      "5->1:13.500\n",
      "5->2:16.500\n"
     ]
    }
   ],
   "source": [
    "class Tree(object):\n",
    "    \n",
    "    ## public code for the data structure Tree\n",
    "    \n",
    "    def __init__(self,N=-1,bidirectional=True):\n",
    "        self.nodes=list(range(N))\n",
    "        self.edges={}\n",
    "        self.bidirectional=bidirectional\n",
    "        self.N = N\n",
    "        \n",
    "    def link(self,start,end,weight=1): \n",
    "        self.half_link(start,end,weight)\n",
    "        if self.bidirectional:\n",
    "            self.half_link(end,start,weight)\n",
    "        \n",
    "    def unlink(self,i,k):\n",
    "        try:\n",
    "            self.half_unlink(i,k)\n",
    "            if self.bidirectional:\n",
    "                self.half_unlink(k,i)\n",
    "        except KeyError:\n",
    "            print ('Could not unlink {0} from {1}'.format(i,k))\n",
    "            self.print()        \n",
    "        \n",
    "    def half_link(self,a,b,weight=1):\n",
    "        if not a in self.nodes:\n",
    "            self.nodes.append(a)        \n",
    "        if a in self.edges:               \n",
    "            self.edges[a]=[(b0,w0) for (b0,w0) in self.edges[a] if b0 != b] + [(b,weight)]\n",
    "        else:\n",
    "            self.edges[a]=[(b,weight)]\n",
    "    \n",
    "    def half_unlink(self,a,b):\n",
    "        links=[(e,w) for (e,w) in self.edges[a] if e != b]\n",
    "        if len(links)<len(self.edges[a]):\n",
    "            self.edges[a]=links\n",
    "        else:\n",
    "            print ('Could not unlink {0} from {1}'.format(a,b))\n",
    "            self.print()\n",
    "    \n",
    "    def are_linked(self,a,b):\n",
    "        return len([e for (e,w) in self.edges[a] if e == b])>0\n",
    "        \n",
    "    def AdjList(self,includeNodes=False):\n",
    "        print('AdjList')\n",
    "        self.nodes.sort()\n",
    "        if includeNodes:\n",
    "            print (self.nodes)\n",
    "        for node in self.nodes:\n",
    "            if node in self.edges:\n",
    "                for edge in self.edges[node]:\n",
    "                    end,weight=edge\n",
    "                    print ('%i->%i:%.3f'%(node,end,weight))\n",
    "                    \n",
    "    def num_nodes(self):\n",
    "        return len(self.nodes)\n",
    "    \n",
    "    def traverse(self,i,k,path=[],weights=[]):\n",
    "        if not i in self.edges: return (False,[])\n",
    "        if len(path)==0:\n",
    "            path=[i]\n",
    "            weights=[0]\n",
    "        \n",
    "        for j,w in self.edges[i]:\n",
    "            if j in path: continue\n",
    "            path1=path + [j]\n",
    "            weights1=weights+[w]\n",
    "            if j==k:\n",
    "                return (True,list(zip(path1,weights1)))\n",
    "            else:\n",
    "                found_k,test=self.traverse(j,k,path1,weights1)\n",
    "                if found_k: \n",
    "                    return (found_k,test)\n",
    "        return (False,[])  \n",
    "    \n",
    "    def get_nodes(self):\n",
    "        for node in self.nodes:\n",
    "            yield(node)\n",
    "            \n",
    "    def initialize_from(self,T):\n",
    "        for node in T.nodes:\n",
    "            if not node in self.nodes:\n",
    "                self.nodes.append(node)\n",
    "                if node in T.edges:\n",
    "                    for a,w in T.edges[node]:\n",
    "                        self.link(node,a,w)\n",
    "     \n",
    "    def get_links(self):\n",
    "        return [(a,b,w) for a in self.nodes for (b,w) in self.edges[a] if a in self.edges]\n",
    "    \n",
    "    def remove_backward_links(self,root):\n",
    "        self.bidirectional = False\n",
    "        for (child,_) in self.edges[root]:\n",
    "            self.half_unlink(child,root)\n",
    "            self.remove_backward_links(child)\n",
    "\n",
    "import numpy as np\n",
    "\n",
    "def TotalDistance(disMatrix):\n",
    "    totalDistance=[]\n",
    "    for x in disMatrix:\n",
    "        totalDistance.append(np.sum(x))\n",
    "    return totalDistance\n",
    "\n",
    "def D_(disMatrix):\n",
    "    n=len(disMatrix)\n",
    "    d_=np.zeros([n,n])\n",
    "    totalDistance=TotalDistance(disMatrix)\n",
    "    for i in range(n):\n",
    "        for j in range(n):\n",
    "            if i!=j:\n",
    "                d_[i][j]=(n-2)*disMatrix[i][j]-totalDistance[i]-totalDistance[j]\n",
    "    return d_\n",
    "\n",
    "def findijFromDStar(D_Star):\n",
    "    smallest=np.inf\n",
    "    smallest_i=-1\n",
    "    smallest_j=-1\n",
    "    for i in range(len(D_Star)):\n",
    "        for j in range(i,len(D_Star)):\n",
    "            if D_Star[i][j]<smallest and i!=j:\n",
    "                smallest=D_Star[i][j]\n",
    "                smallest_i=i\n",
    "                smallest_j=j\n",
    "    return smallest_i,smallest_j\n",
    "\n",
    "def remove_ij_row_column(DD,ii,jj):\n",
    "    new_D=[]\n",
    "    for i in range(len(DD)):\n",
    "        tmp=[]\n",
    "        for j in range(len(DD[0])):\n",
    "            if j!=ii and j!=jj:\n",
    "                tmp.append(DD[i][j])\n",
    "        if i!=ii and i!=jj:\n",
    "            new_D.append(tmp)\n",
    "    return new_D\n",
    "    \n",
    "# modified from AdditivePhylogeny\n",
    "\n",
    "def NeighborJoining(D,Nodes=None):\n",
    "    # ColumnHeader makes the node in D, eg: [2,3,6]\n",
    "    n=len(D)\n",
    "    #print(D)\n",
    "    if Nodes==None:\n",
    "        Nodes=[x for x in range(n)]\n",
    "    if n==2:\n",
    "        T=Tree()\n",
    "        T.link(Nodes[0],Nodes[1],D[0][1])\n",
    "        return T\n",
    "    totalDistance=TotalDistance(D)\n",
    "    D_star=D_(D)\n",
    "    i,j=findijFromDStar(D_star)\n",
    "    delta=(totalDistance[i]-totalDistance[j])/(n-2)\n",
    "    limbLengthi=(D[i][j]+delta)/2\n",
    "    limbLengthj=(D[i][j]-delta)/2\n",
    "    #print(i,j,n,D)\n",
    "    new_Data=[(D[k][i]+D[k][j]-D[i][j])/2 for k in range(n)]\n",
    "    for row in range(n):\n",
    "        D[row].append(new_Data[row])\n",
    "    D.append(new_Data+[0])\n",
    "    #print(Nodes)\n",
    "    m=Nodes[-1]+1\n",
    "    Nodes.append(m)\n",
    "    #print(D)\n",
    "    D=remove_ij_row_column(D,i,j) # D with rows/column i and j removed\n",
    "    #print(D)\n",
    "    i=Nodes[i]\n",
    "    j=Nodes[j]\n",
    "    #print(Nodes,node_i,node_j)\n",
    "    Nodes.remove(i)\n",
    "    Nodes.remove(j)\n",
    "    T=NeighborJoining(D,Nodes)\n",
    "    T.link(i,m,limbLengthi)\n",
    "    T.link(j,m,limbLengthj)\n",
    "    return T\n",
    "\n",
    "n=4\n",
    "disMatrix=[[0,23,27,20],\n",
    "          [23,0,30,28],\n",
    "          [27,30,0,30],\n",
    "          [20,28,30,0]]\n",
    "\n",
    "NeighborJoining(disMatrix).AdjList()"
   ]
  },
  {
   "cell_type": "code",
   "execution_count": 18,
   "metadata": {},
   "outputs": [
    {
     "name": "stdout",
     "output_type": "stream",
     "text": [
      "AdjList\n",
      "0->36:513.740\n",
      "1->48:470.301\n",
      "2->34:504.973\n",
      "3->32:483.717\n",
      "4->49:551.644\n",
      "5->38:528.521\n",
      "6->37:559.770\n",
      "7->45:524.647\n",
      "8->44:516.649\n",
      "9->33:509.784\n",
      "10->35:537.009\n",
      "11->41:493.327\n",
      "12->44:540.351\n",
      "13->36:521.260\n",
      "14->39:570.207\n",
      "15->40:518.642\n",
      "16->45:519.353\n",
      "17->35:521.991\n",
      "18->34:536.027\n",
      "19->32:576.283\n",
      "20->58:656.802\n",
      "21->49:525.356\n",
      "22->39:484.793\n",
      "23->51:582.920\n",
      "24->33:536.216\n",
      "25->38:503.479\n",
      "26->37:479.230\n",
      "27->42:560.416\n",
      "28->51:480.080\n",
      "29->43:538.464\n",
      "30->50:569.641\n",
      "31->47:478.123\n",
      "32->48:147.199\n",
      "32->3:483.717\n",
      "32->19:576.283\n",
      "33->57:205.650\n",
      "33->9:509.784\n",
      "33->24:536.216\n",
      "34->43:77.536\n",
      "34->2:504.973\n",
      "34->18:536.027\n",
      "35->41:54.173\n",
      "35->10:537.009\n",
      "35->17:521.991\n",
      "36->46:82.572\n",
      "36->0:513.740\n",
      "36->13:521.260\n",
      "37->46:80.928\n",
      "37->6:559.770\n",
      "37->26:479.230\n",
