28
0 3004 6396 1640 11098 5790 4245 1848 9911 8180 9138 1762 7637 2664 6587 6822 7646 3327 5283 11116 5200 6795 6935 2913 5544 4375 4421 1856
3004 0 4158 4374 13832 8524 2007 3042 12645 10914 11872 2768 10371 5398 9321 9556 10380 6061 8017 13850 2962 4557 4697 1955 8278 7109 2183 4590
6396 4158 0 7766 17224 11916 3525 6434 16037 14306 15264 6160 13763 8790 12713 12948 13772 9453 11409 17242 2292 1943 2083 5347 11670 10501 2379 7982
1640 4374 7766 0 11420 6112 5615 3218 10233 8502 9460 3132 7959 2986 6909 7144 7968 3649 5605 11438 6570 8165 8305 4283 5866 4697 5791 2178
11098 13832 17224 11420 0 6882 15073 12676 2699 3984 2992 12590 4691 10038 6037 4668 5226 9073 7341 1964 16028 17623 17763 13741 7406 8239 15249 10686
5790 8524 11916 6112 6882 0 9765 7368 5695 3964 4922 7282 3421 4730 2371 2606 3430 3765 2033 6900 10720 12315 12455 8433 2098 2931 9941 5378
4245 2007 3525 5615 15073 9765 0 4283 13886 12155 13113 4009 11612 6639 10562 10797 11621 7302 9258 15091 2329 3924 4064 3196 9519 8350 1550 5831
1848 3042 6434 3218 12676 7368 4283 0 11489 9758 10716 1800 9215 4242 8165 8400 9224 4905 6861 12694 5238 6833 6973 2951 7122 5953 4459 3434
9911 12645 16037 10233 2699 5695 13886 11489 0 2797 1805 11403 3504 8851 4850 3481 4039 7886 6154 2717 14841 16436 16576 12554 6219 7052 14062 9499
8180 10914 14306 8502 3984 3964 12155 9758 2797 0 2024 9672 1773 7120 3119 1750 2308 6155 4423 4002 13110 14705 14845 10823 4488 5321 12331 7768
9138 11872 15264 9460 2992 4922 13113 10716 1805 2024 0 10630 2731 8078 4077 2708 3266 7113 5381 3010 14068 15663 15803 11781 5446 6279 13289 8726
1762 2768 6160 3132 12590 7282 4009 1800 11403 9672 10630 0 9129 4156 8079 8314 9138 4819 6775 12608 4964 6559 6699 2677 7036 5867 4185 3348
7637 10371 13763 7959 4691 3421 11612 9215 3504 1773 2731 9129 0 6577 2576 1207 1765 5612 3880 4709 12567 14162 14302 10280 3945 4778 11788 7225
2664 5398 8790 2986 10038 4730 6639 4242 8851 7120 8078 4156 6577 0 5527 5762 6586 2267 4223 10056 7594 9189 9329 5307 4484 3315 6815 2252
6587 9321 12713 6909 6037 2371 10562 8165 4850 3119 4077 8079 2576 5527 0 1761 2585 4562 2830 6055 11517 13112 13252 9230 2895 3728 10738 6175
6822 9556 12948 7144 4668 2606 10797 8400 3481 1750 2708 8314 1207 5762 1761 0 1216 4797 3065 4686 11752 13347 13487 9465 3130 3963 10973 6410
7646 10380 13772 7968 5226 3430 11621 9224 4039 2308 3266 9138 1765 6586 2585 1216 0 5621 3889 5244 12576 14171 14311 10289 3954 4787 11797 7234
3327 6061 9453 3649 9073 3765 7302 4905 7886 6155 7113 4819 5612 2267 4562 4797 5621 0 3258 9091 8257 9852 9992 5970 3519 2350 7478 2915
5283 8017 11409 5605 7341 2033 9258 6861 6154 4423 5381 6775 3880 4223 2830 3065 3889 3258 0 7359 10213 11808 11948 7926 1787 2424 9434 4871
11116 13850 17242 11438 1964 6900 15091 12694 2717 4002 3010 12608 4709 10056 6055 4686 5244 9091 7359 0 16046 17641 17781 13759 7424 8257 15267 10704
5200 2962 2292 6570 16028 10720 2329 5238 14841 13110 14068 4964 12567 7594 11517 11752 12576 8257 10213 16046 0 2691 2831 4151 10474 9305 1183 6786
6795 4557 1943 8165 17623 12315 3924 6833 16436 14705 15663 6559 14162 9189 13112 13347 14171 9852 11808 17641 2691 0 1518 5746 12069 10900 2778 8381
6935 4697 2083 8305 17763 12455 4064 6973 16576 14845 15803 6699 14302 9329 13252 13487 14311 9992 11948 17781 2831 1518 0 5886 12209 11040 2918 8521
2913 1955 5347 4283 13741 8433 3196 2951 12554 10823 11781 2677 10280 5307 9230 9465 10289 5970 7926 13759 4151 5746 5886 0 8187 7018 3372 4499
5544 8278 11670 5866 7406 2098 9519 7122 6219 4488 5446 7036 3945 4484 2895 3130 3954 3519 1787 7424 10474 12069 12209 8187 0 2685 9695 5132
4375 7109 10501 4697 8239 2931 8350 5953 7052 5321 6279 5867 4778 3315 3728 3963 4787 2350 2424 8257 9305 10900 11040 7018 2685 0 8526 3963
4421 2183 2379 5791 15249 9941 1550 4459 14062 12331 13289 4185 11788 6815 10738 10973 11797 7478 9434 15267 1183 2778 2918 3372 9695 8526 0 6007
1856 4590 7982 2178 10686 5378 5831 3434 9499 7768 8726 3348 7225 2252 6175 6410 7234 2915 4871 10704 6786 8381 8521 4499 5132 3963 6007 0
