32
0 1626 1688 1037 1862 1440 1142 1790 1689 1187 1558 2020 1452 1035 1453 1555 1080 1478 1147 1965 1746 1393 1596 1270 1552 1932 1268 1964 1255 1397 1914 1749 
1626 0 1224 1099 1980 1302 1254 1303 1994 1886 1836 1088 1738 1252 1294 1437 1581 1945 1158 1196 1113 1218 1711 1034 1231 1860 1855 1642 1081 1247 1593 1285 
1688 1224 0 2048 1647 1507 1479 1941 1355 1367 1816 1347 1238 1580 1755 1208 1634 1259 1041 1197 1383 1531 1715 1823 1682 2018 1783 1216 1671 1045 1972 1959 
1037 1099 2048 0 1490 1100 1767 1253 1567 1117 1305 1948 1865 1410 1792 1656 2013 1954 2044 1060 1813 1239 1977 1256 1168 1123 1835 1583 1274 1926 1523 1863 
1862 1980 1647 1490 0 1697 1745 1321 1466 1590 1304 1421 1839 1338 1058 1834 1206 1718 1628 1802 1480 1077 1733 1649 1314 1358 1286 1104 1874 1322 1119 1308 
1440 1302 1507 1100 1697 0 1903 1132 1589 1843 1512 1342 1756 1879 1928 1043 1502 1672 1731 1898 1762 2023 1537 1936 1624 1032 1484 1050 1370 1586 1450 1538 
1142 1254 1479 1767 1745 1903 0 1485 1295 1281 2033 1163 1439 1323 2030 1986 1884 1663 1794 1734 1335 1702 1235 1403 1459 1896 1039 1825 1799 2046 1505 1454 
1790 1303 1941 1253 1321 1132 1485 0 1425 1108 1833 1139 1547 1990 1373 1244 1044 1963 1876 1369 1600 1260 1390 1276 2015 1627 2011 1937 1233 1854 1725 1511 
1689 1994 1355 1567 1466 1589 1295 1425 0 1968 1933 1475 1057 1133 1430 1092 1121 1495 1645 1651 1668 1329 1191 1913 1690 1093 1911 1805 1033 1541 1622 1082 
1187 1886 1367 1117 1590 1843 1281 1108 1968 0 1996 1074 1597 1250 1991 1411 1415 1618 1848 1935 1171 1414 1801 1841 1046 1714 1853 1919 1205 1779 1336 1727 
1558 1836 1816 1305 1304 1512 2033 1833 1933 1996 0 1064 1705 1514 1974 1106 1540 1059 1699 1987 1909 1394 1333 1993 1352 1675 1118 1754 1525 1105 1280 1576 
2020 1088 1347 1948 1421 1342 1163 1139 1475 1074 1064 0 1530 1973 2004 1435 2005 1090 2001 1844 1492 1151 1025 1587 1588 1784 1220 1327 1575 2041 1031 1838 
1452 1738 1238 1865 1839 1756 1439 1547 1057 1597 1705 1530 0 1124 1789 1532 1408 1521 1520 1234 1947 1399 1866 1291 1340 2003 1750 1969 1426 1483 1267 1038 
1035 1252 1580 1410 1338 1879 1323 1990 1133 1250 1514 1973 1124 0 1140 1901 1670 1659 2042 2019 1275 1925 1847 1920 1543 1607 1069 1796 1144 1640 1786 1354 
1453 1294 1755 1792 1058 1928 2030 1373 1430 1991 1974 2004 1789 1140 0 1837 1908 1499 1382 1351 1829 1979 1055 1773 1722 1200 1535 1429 1379 1120 2047 1102 
1555 1437 1208 1656 1834 1043 1986 1244 1092 1411 1106 1435 1532 1901 1837 0 1298 1131 1713 1472 1998 1744 1377 1917 1984 1101 1882 1116 1615 1447 1136 1808 
1080 1581 1634 2013 1206 1502 1884 1044 1121 1415 1540 2005 1408 1670 1908 1298 0 1085 1810 1557 1184 1751 1942 1432 1684 1469 1203 1723 1533 1071 1079 1720 
1478 1945 1259 1954 1718 1672 1663 1963 1495 1618 1059 1090 1521 1659 1499 1131 1085 0 1111 1172 1806 1602 1899 1652 1966 1271 1528 1639 1357 1313 1691 2029 
1147 1158 1041 2044 1628 1731 1794 1876 1645 1848 1699 2001 1520 2042 1382 1713 1810 1111 0 2036 1062 1818 1658 1076 1449 1952 1897 1895 1474 1228 1427 1378 
1965 1196 1197 1060 1802 1898 1734 1369 1651 1935 1987 1844 1234 2019 1351 1472 1557 1172 2036 0 1787 1877 1729 1824 1807 1482 1812 1842 1665 1890 1562 1126 
1746 1113 1383 1813 1480 1762 1335 1600 1668 1171 1909 1492 1947 1275 1829 1998 1184 1806 1062 1787 0 1859 1601 1331 1636 1997 1544 1655 1141 1706 1334 1146 
1393 1218 1531 1239 1077 2023 1702 1260 1329 1414 1394 1151 1399 1925 1979 1744 1751 1602 1818 1877 1859 0 1619 1127 1229 1362 1282 1177 1261 1775 1110 1910 
1596 1711 1715 1977 1733 1537 1235 1390 1191 1801 1333 1025 1866 1847 1055 1377 1942 1899 1658 1729 1601 1619 0 1448 1880 1098 1264 1145 1489 1460 1068 1413 
1270 1034 1823 1256 1649 1936 1403 1276 1913 1841 1993 1587 1291 1920 1773 1917 1432 1652 1076 1824 1331 1127 1448 0 2014 1956 1345 1522 1063 1047 1598 1349 
1552 1231 1682 1168 1314 1624 1459 2015 1690 1046 1352 1588 1340 1543 1722 1984 1684 1966 1449 1807 1636 1229 1880 2014 0 1577 1687 1199 1803 1793 1904 1078 
1932 1860 2018 1123 1358 1032 1896 1627 1093 1714 1675 1784 2003 1607 1200 1101 1469 1271 1952 1482 1997 1362 1098 1956 1577 0 1160 1188 1368 1683 1677 1211 
1268 1855 1783 1835 1286 1484 1039 2011 1911 1853 1118 1220 1750 1069 1535 1882 1203 1528 1897 1812 1544 1282 1264 1345 1687 1160 0 1708 1498 1195 1976 1174 
1964 1642 1216 1583 1104 1050 1825 1937 1805 1919 1754 1327 1969 1796 1429 1116 1723 1639 1895 1842 1655 1177 1145 1522 1199 1188 1708 0 1134 1501 2039 1201 
1255 1081 1671 1274 1874 1370 1799 1233 1033 1205 1525 1575 1426 1144 1379 1615 1533 1357 1474 1665 1141 1261 1489 1063 1803 1368 1498 1134 0 1717 1419 1553 
1397 1247 1045 1926 1322 1586 2046 1854 1541 1779 1105 2041 1483 1640 1120 1447 1071 1313 1228 1890 1706 1775 1460 1047 1793 1683 1195 1501 1717 0 1840 1185 
1914 1593 1972 1523 1119 1450 1505 1725 1622 1336 1280 1031 1267 1786 2047 1136 1079 1691 1427 1562 1334 1110 1068 1598 1904 1677 1976 2039 1419 1840 0 1392 
1749 1285 1959 1863 1308 1538 1454 1511 1082 1727 1576 1838 1038 1354 1102 1808 1720 2029 1378 1126 1146 1910 1413 1349 1078 1211 1174 1201 1553 1185 1392 0 
