20
2
0 3795 7689 2055 6958 7979 3424 5154 7395 3021 2390 6183 8740 2676 7964 4188 911 6598 2105 5918
3795 0 4834 5168 4103 5124 1389 2299 4540 2446 5503 3328 5885 5789 5109 1333 4024 3743 3306 3063
7689 4834 0 9062 871 1036 5283 4245 2014 6340 9397 2038 1797 9683 1021 4827 7918 1369 7200 3197
2055 5168 9062 0 8331 9352 4797 6527 8768 4394 1453 7556 10113 1739 9337 5561 1576 7971 3478 7291
6958 4103 871 8331 0 1161 4552 3514 1283 5609 8666 1307 1922 8952 1146 4096 7187 638 6469 2466
7979 5124 1036 9352 1161 0 5573 4535 2304 6630 9687 2328 1863 9973 1087 5117 8208 1659 7490 3487
3424 1389 5283 4797 4552 5573 0 2748 4989 2075 5132 3777 6334 5418 5558 1782 3653 4192 2935 3512
5154 2299 4245 6527 3514 4535 2748 0 3951 3805 6862 2739 5296 7148 4520 2292 5383 3154 4665 2474
7395 4540 2014 8768 1283 2304 4989 3951 0 6046 9103 1744 3065 9389 2289 4533 7624 1075 6906 2903
3021 2446 6340 4394 5609 6630 2075 3805 6046 0 4729 4834 7391 5015 6615 2839 3250 5249 2532 4569
2390 5503 9397 1453 8666 9687 5132 6862 9103 4729 0 7891 10448 1310 9672 5896 1911 8306 3813 7626
6183 3328 2038 7556 1307 2328 3777 2739 1744 4834 7891 0 3089 8177 2313 3321 6412 947 5694 1691
8740 5885 1797 10113 1922 1863 6334 5296 3065 7391 10448 3089 0 10734 1192 5878 8969 2420 8251 4248
2676 5789 9683 1739 8952 9973 5418 7148 9389 5015 1310 8177 10734 0 9958 6182 2197 8592 4099 7912
7964 5109 1021 9337 1146 1087 5558 4520 2289 6615 9672 2313 1192 9958 0 5102 8193 1644 7475 3472
4188 1333 4827 5561 4096 5117 1782 2292 4533 2839 5896 3321 5878 6182 5102 0 4417 3736 3699 3056
911 4024 7918 1576 7187 8208 3653 5383 7624 3250 1911 6412 8969 2197 8193 4417 0 6827 2334 6147
6598 3743 1369 7971 638 1659 4192 3154 1075 5249 8306 947 2420 8592 1644 3736 6827 0 6109 2106
2105 3306 7200 3478 6469 7490 2935 4665 6906 2532 3813 5694 8251 4099 7475 3699 2334 6109 0 5429
5918 3063 3197 7291 2466 3487 3512 2474 2903 4569 7626 1691 4248 7912 3472 3056 6147 2106 5429 0
